benchmark,project,bug,java_version,exclude_broken_tests,buggy_version,checkout,compile,metadata,test,num_all_tests,num_failing_tests
Defects4J,Math,37,7,false,false,1,1,1,1,2874,0
